245
7
272
10
264
14
266
13
253
16
264
10
247
9
272
9
247
12
239
11
683
14
146
11
246
10
292
13
253
11
247
12
245
11
245
11
258
16
208
6
274
11
260
11
237
12
180
9
254
11
245
15
823
11
258
12
258
10
258
10
267
14
101
2486
10
15
258
11
266
5
245
16
3113
4
11
3946
247
16
254
14
288
14
269
15
245
10
254
11
253
12
250
11
266
11
286
12
257
11
254
10
272
8
247
12
237
12
267
15
3930
272
13
245
16
264
9
278
12
247
14
288
16
264
13
247
13
202
12
245
10
253
9
12
253
11
278
12
292
11
288
9
292
11
258
16
288
3
272
12
757
12
289
12
296
9
259
14
253
9
123
12
253
13
272
11
257
16
309
12
265
14
258
8
253
12
282
10
264
12
404
3
264
11
256
11
258
13
250
13
730
7
257
8
266
5
245
15
532
11
282
11
239
14
250
11
265
16
245
11
256
6
239
11
278
12
257
14
245
14
256
10
288
7
289
13
254
14
254
11
10
11
22
11
246
15
264
12
1
7
266
14
249
10
289
10
212
14
2741
9
13
266
5
278
13
246
5
279
10
257
10
293
16
107
12
293
16
254
10
13
264
16
247
7
247
14
258
14
247
11
258
8
757
12
265
15
247
11
258
11
125
13
425
6
278
14
218
9
247
10
245
14
246
10
14
247
7
296
11
245
7
253
14
205
9
218
7
245
16
264
12
293
15
165
12
237
10
8
283
14
247
14
14
12
247
7
266
5
256
10
266
4
254
11
133
11
283
13
5
257
11
286
9
26
151
10
6
52
70
11
854
9
161
12
734
3
815
10
254
4
245
13
266
12
187
5
253
14
264
8
288
13
258
4
264
9
170
8
282
9
288
5
470
4
258
5
237
6
853
10
10
253
8
245
9
343
4
105
89
207
13
245
16
247
16
3807
278
12
117
1445
8
247
11
264
11
245
7
246
11
261
6
258
5
235
10
258
11
260
13
8
4
278
11
246
11
253
6
247
16
247
8
293
10
246
13
258
10
261
15
245
9
286
10
228
9
683
12
512
11
194
14
293
15
258
16
246
4
254
6
258
13
245
11
258
5
247
3
250
10
264
9
293
16
282
12
319
13
239
14
258
10
308
12
254
5
278
11
267
13
277
15
258
11
228
11
258
13
693
11
245
9
264
10
253
13
257
8
258
16
286
10
272
15
296
6
237
12
224
16
262
8
155
13
293
14
246
10
288
11
247
10
266
8
254
11
245
15
272
11
258
9
272
16
265
11
247
9
1749
9
8
258
6
256
10
296
8
235
16
253
10
178
15
288
10
304
12
265
11
247
15
246
14
266
12
83
1280
9
237
13
237
10
701
12
293
10
237
13
289
12
272
5
757
4
261
12
264
13
1664
12
12
247
5
267
12
215
13
250
5
247
5
289
10
245
14
247
12
245
12
245
12
286
14
192
13
253
5
245
16
233
4
254
16
266
10
852
3
173
11
279
11
1003
13
247
16
745
12
304
5
123
14
1168
10
237
13
288
8
858
2
169
14
247
17
266
11
245
13
189
16
304
14
253
16
266
8
258
5
146
10
258
14
491
7
3
271
13
265
10
257
13
293
16
237
12
296
11
237
10
245
12
264
14
278
11
685
12
266
12
693
3
282
12
289
9
253
16
245
10
239
13
253
15
259
9
245
7
247
11
685
9
264
10
247
11
289
9
247
10
239
12
256
6
245
16
79
638
15
247
16
245
9
872
11
269
3
253
10
282
17
253
5
458
11
305
10
289
7
246
16
254
10
272
13
237
15
1834
8
11
258
13
298
7
245
11
247
12
247
16
205
13
247
17
258
16
308
10
237
12
265
12
264
10
247
14
305
14
289
14
258
11
4013
246
11
245
12
293
16
282
10
237
7
258
12
813
4
247
13
2122
9
8
245
6
246
16
246
5
256
4
245
13
279
9
265
9
266
12
253
6
272
12
265
7
282
12
297
14
91
16
272
12
266
11
264
9
258
12
265
9
247
10
277
11
256
9
239
10
283
5
272
9
286
11
100
258
12
256
5
246
16
257
11
264
15
246
13
264
8
95
11
254
10
265
13
253
10
261
11
722
13
258
12
269
9
247
8
247
15
266
16
714
8
271
7
250
13
246
13
404
5
260
11
254
13
245
15
258
11
821
13
266
6
266
8
1205
8
258
4
258
11
262
16
265
13
245
12
296
14
656
6
247
5
258
14
250
11
247
7
264
12
266
10
182
10
8
5
247
16
247
14
258
8
16
8
259
10
253
16
266
9
293
13
254
13
1717
11
5
250
6
290
5
1173
9
13
264
14
727
10
235
10
258
7
239
14
297
12
292
6
239
14
298
13
246
10
247
11
379
5
271
11
258
11
207
9
245
4
132
15
264
11
258
16
253
11
258
16
293
11
7
726
9
1131
10
16
247
11
246
12
208
14
245
13
266
12
296
14
288
12
1277
14
258
11
297
9
101
11
258
7
262
12
258
13
202
17
261
4
239
12
208
14
253
8
246
10
253
10
296
15
246
12
129
11
2815
65533
13
250
8
258
15
282
13
272
12
253
15
257
4
258
10
13
278
11
282
6
250
15
266
13
247
16
269
17
126
11
685
8
264
11
264
8
258
9
247
10
264
14
274
16
253
15
266
12
245
10
246
14
247
15
191
10
286
10
245
10
850
4
790
14
245
16
279
9
853
14
264
14
127
12
237
13
237
11
282
11
245
8
258
12
158
8
253
11
3947
262
13
282
13
237
12
237
7
254
16
1088
11
250
11
189
6
258
14
247
6
258
12
256
8
237
12
260
5
261
11
245
11
264
6
118
4
282
12
258
12
247
4
264
14
258
12
1114
9
11
258
14
247
9
685
3
245
11
245
16
170
16
291
14
245
10
264
16
247
16
694
12
247
11
235
15
346
11
258
12
292
10
829
10
256
12
163
11
258
10
282
14
111
12
256
13
246
14
253
11
247
14
264
10
1965
3
16
262
11
298
7
768
13
258
10
117
13
256
6
253
9
264
15
264
8
213
8
257
10
250
10
107
12
2142
5
15
258
8
293
11
245
11
246
10
283
7
258
9
730
6
247
16
1323
2
11
247
14
254
14
258
13
223
6
266
4
1882
4
11
266
9
266
11
271
13
258
15
245
10
154
16
239
17
222
8
8
247
12
266
16
756
11
229
12
246
11
144
13
247
12
237
14
247
13
776
13
246
6
246
5
254
11
1445
9
11
264
12
257
7
277
9
257
16
246
11
245
9
1622
1
16
264
5
293
11
269
14
266
14
288
5
271
11
256
10
250
5
253
16
258
12
246
16
247
10
247
16
245
12
278
13
247
10
247
14
267
11
260
12
266
15
272
11
122
16
264
11
253
11
256
11
257
11
218
14
293
11
245
4
770
10
262
15
293
16
250
16
258
15
250
15
245
11
247
12
271
10
128
11
293
6
258
10
245
5
259
11
794
10
237
11
288
12
293
14
256
12
265
8
245
11
264
12
257
13
258
10
239
10
264
8
258
9
247
11
214
12
282
11
293
12
293
15
854
11
245
13
274
14
247
10
212
6
258
14
253
9
96
11
239
9
246
12
253
12
264
12
262
4
416
6
3930
200
14
97
14
532
12
239
5
242
14
264
12
258
10
266
3
258
16
246
12
237
6
254
9
266
13
264
12
233
7
256
11
1118
12
289
15
245
17
253
11
266
11
168
15
286
4
266
4
257
10
282
10
256
9
104
11
111
12
267
12
203
16
258
11
116
5
289
14
283
14
278
11
258
9
254
11
264
12
282
11
237
15
250
16
245
7
237
8
714
10
258
16
265
6
234
14
247
10
246
10
720
10
815
12
256
9
257
14
256
15
247
16
264
15
258
14
247
10
258
11
239
13
13
246
16
949
6
257
6
245
12
253
13
266
12
247
11
265
11
246
16
239
11
257
4
1106
8
12
247
12
254
10
266
15
253
16
258
11
2477
9
14
258
10
239
6
247
8
247
16
245
10
237
10
246
12
235
10
246
4
258
12
262
8
239
12
13
278
16
296
10
128
11
253
16
291
7
247
11
264
10
261
5
258
10
3253
9
11
253
11
170
13
239
13
14
13
11
247
16
256
15
148
12
264
12
266
14
264
14
247
4
304
15
277
14
245
13
395
10
245
10
219
12
286
5
259
16
269
9
258
7
10
10
264
11
245
16
258
14
245
10
264
11
274
14
247
16
282
12
293
15
262
10
267
14
245
12
247
17
264
12
261
12
253
9
253
10
246
14
267
14
282
8
267
13
245
8
293
6
245
8
282
12
264
13
218
4
246
11
247
14
253
14
288
12
257
13
256
11
292
8
245
12
186
12
292
11
239
11
274
12
278
12
277
9
266
9
734
11
266
4
278
9
322
13
253
11
360
16
247
13
203
14
247
11
277
13
293
10
237
6
237
8
779
10
266
13
279
12
253
7
257
7
297
11
653
13
247
15
223
7
245
13
258
13
253
6
253
14
289
14
246
7
200
10
143
14
269
11
242
13
673
4
261
4
258
16
266
13
253
12
250
11
214
11
246
14
253
15
602
10
264
13
297
10
250
5
264
9
293
11
245
5
714
11
239
12
297
8
264
11
726
10
289
4
283
12
245
14
254
14
218
12
8
259
10
245
15
175
9
258
12
272
9
264
9
258
14
245
13
256
14
245
13
266
16
196
13
201
11
266
13
264
10
297
16
770
13
150
16
202
12
726
14
256
10
274
11
266
16
834
11
293
12
245
11
2306
10
14
253
10
218
16
257
14
106
266
12
223
5
246
16
297
7
257
8
3829
1
14
247
14
245
15
265
16
271
6
278
16
293
16
247
14
247
16
266
12
258
11
250
11
256
16
245
12
293
13
247
17
288
5
714
16
245
11
237
10
239
7
640
10
272
16
257
16
258
12
246
11
264
12
258
12
293
11
265
15
256
8
155
11
247
16
278
13
267
16
261
10
282
11
266
13
235
18
235
16
253
9
202
12
282
10
245
14
253
11
266
11
267
9
246
14
116
10
638
12
5
815
4
253
9
266
12
272
12
3029
1
12
247
16
101
13
265
16
464
6
278
11
406
16
282
7
109
11
261
10
250
11
293
12
258
15
264
14
253
11
245
13
246
13
389
14
239
14
293
13
247
14
2741
1
12
237
9
257
10
308
13
459
10
693
12
245
11
798
10
278
10
258
7
338
9
133
12
854
14
245
15
264
11
247
12
266
4
282
16
254
16
90
4
255
17
245
13
210
9
247
8
245
12
257
5
282
11
126
11
253
9
4
247
16
261
11
11
747
16
264
11
266
9
811
3
289
14
1810
7
13
245
10
101
10
229
16
246
9
247
12
261
13
264
15
247
11
293
6
850
13
245
11
278
5
258
9
247
5
410
11
245
9
271
13
247
11
245
10
245
11
245
5
4011
265
12
256
12
189
12
258
14
4013
262
5
245
14
282
16
257
12
258
16
235
16
245
11
256
5
266
7
261
8
247
12
278
16
250
11
201
8
247
6
171
9
262
8
288
14
253
13
267
14
250
16
247
15
245
13
388
12
226
11
261
16
319
14
237
15
247
13
9
13
693
13
266
13
89
8
277
13
247
12
250
16
244
11
136
9
264
12
264
10
720
16
258
7
258
10
245
5
264
13
258
9
805
2
293
8
178
13
282
5
290
16
245
12
1627
8
11
641
6
207
11
246
4
282
7
265
12
282
6
272
17
277
12
222
11
278
12
237
12
247
12
234
11
245
14
247
11
277
14
247
13
245
13
254
11
257
13
704
10
247
11
730
11
1385
10
5
297
14
224
9
79
853
8
247
12
278
6
245
8
254
12
255
16
247
16
264
12
1810
6
14
1077
9
258
11
257
4
257
11
245
9
237
7
258
10
101
10
250
5
259
4
266
10
296
11
258
4
253
11
338
14
245
11
245
5
264
11
213
12
246
14
253
9
701
10
639
10
233
9
256
13
247
13
264
12
200
8
123
13
186
13
266
10
247
14
247
16
286
9
171
10
278
14
4013
116
11
253
15
288
11
246
14
296
5
173
16
264
12
239
13
693
4
171
13
272
10
254
11
237
10
293
7
247
13
634
11
245
15
274
11
266
11
293
6
258
16
264
5
256
6
283
16
286
8
3588
3
9
247
12
191
9
245
10
247
7
258
14
247
13
261
8
207
16
264
10
250
15
258
16
255
14
301
11
266
14
264
17
258
10
250
4
279
17
253
7
813
12
264
10
2370
8
13
3
237
16
283
8
695
13
247
11
245
4
235
16
266
17
267
9
253
12
241
13
264
14
245
12
246
12
811
9
246
12
247
8
159
16
253
12
269
11
245
13
247
16
264
11
274
8
214
9
265
11
266
14
264
5
237
13
266
12
237
12
247
7
237
16
258
13
265
11
712
12
235
11
2410
7
14
283
12
282
12
247
8
293
12
258
14
724
14
173
12
1441
13
11
229
12
279
7
289
16
237
14
247
12
258
12
264
9
272
16
260
11
239
9
246
11
258
5
292
16
282
10
293
15
237
11
279
5
1430
1
11
1256
6
12
247
9
266
9
264
9
257
13
88
5
289
16
171
17
266
14
253
13
235
12
264
16
297
3
264
11
121
14
289
12
293
9
256
5
264
14
278
15
269
11
266
12
406
16
165
14
296
11
258
8
247
16
245
9
267
9
266
8
288
15
279
10
264
5
247
16
298
11
266
11
269
11
202
9
258
16
258
15
245
6
258
12
338
16
265
13
254
12
272
16
245
13
247
9
687
11
257
12
250
5
695
11
264
16
245
16
1453
3
10
246
11
258
10
223
12
701
10
247
16
282
11
770
14
730
9
237
12
283
9
161
11
2426
11
8
283
11
254
14
189
13
245
11
246
17
247
8
254
6
258
12
246
16
365
13
245
11
265
10
8
821
9
264
12
292
16
265
11
10
5
246
12
237
13
266
9
734
13
258
11
258
8
256
14
254
10
259
11
292
12
269
11
250
12
730
9
247
5
421
12
258
6
255
9
245
13
247
8
253
13
264
11
264
6
253
15
258
5
293
6
289
11
247
11
250
13
256
11
242
13
171
16
257
14
247
15
1270
11
10
247
16
255
16
149
11
257
13
158
12
253
8
286
10
289
13
2475
6
13
256
6
258
13
253
12
237
12
253
11
254
16
6
25
253
4
261
16
259
16
296
16
245
11
288
9
246
11
293
13
250
4
279
4
253
11
239
11
161
16
245
10
311
11
2576
6
14
189
12
293
5
253
12
258
14
245
10
254
9
247
5
247
11
181
11
278
9
282
16
290
9
223
4
264
13
253
9
177
16
247
11
253
6
288
14
123
11
301
11
247
14
247
13
278
11
247
6
256
4
264
17
258
5
253
13
821
9
245
14
722
8
266
13
175
11
266
7
246
11
247
14
289
15
253
9
235
16
261
11
222
11
247
11
258
11
296
11
258
16
811
10
13
253
9
246
13
257
14
169
6
266
10
293
12
261
10
258
16
278
8
256
9
937
9
245
9
250
14
258
8
247
17
288
5
843
13
447
9
247
9
154
6
237
11
3419
6
18
245
13
258
15
247
8
253
14
253
7
282
12
214
8
247
4
257
4
247
14
258
16
4009
258
11
858
14
256
12
272
9
695
10
247
10
289
13
282
15
257
16
257
13
245
12
247
12
266
11
701
12
289
12
3930
278
13
245
15
246
15
292
5
253
5
3829
239
13
264
14
267
15
1901
5
14
258
16
247
3
258
12
11
1961
9
12
255
12
247
16
253
14
528
13
247
16
253
12
282
11
254
5
237
16
141
12
246
16
261
11
264
8
250
11
258
6
264
14
258
13
308
10
257
14
247
12
171
11
262
12
247
5
247
11
237
11
258
14
264
16
237
14
246
16
253
17
250
7
495
6
264
10
264
11
257
13
289
14
693
11
264
5
266
11
264
12
224
13
264
11
687
11
247
3
253
13
247
12
282
14
265
9
258
13
389
10
256
12
257
13
266
5
245
12
247
13
288
14
256
5
258
13
250
12
245
9
264
15
239
14
253
8
262
6
282
9
277
11
778
7
258
14
1899
11
16
272
15
264
12
246
7
308
5
247
11
247
10
293
12
246
13
256
16
266
10
247
4
277
15
245
12
274
12
272
10
811
10
144
15
854
10
297
16
264
11
293
10
245
4
2097
7
8
635
12
173
5
253
11
235
14
264
16
264
15
1362
5
12
264
16
253
4
239
11
246
7
79
9
258
9
239
12
237
4
253
12
202
12
282
8
235
11
282
9
245
13
264
16
272
17
293
7
272
10
253
5
250
16
278
17
250
12
278
11
257
10
247
4
264
11
239
11
245
14
747
13
246
10
262
12
1515
8
16
223
7
259
9
933
12
9
265
13
219
12
246
15
247
4
427
11
257
9
247
12
254
14
282
17
282
12
1271
2
12
258
11
256
5
262
16
274
9
245
8
253
16
239
6
265
11
237
11
266
11
261
11
278
4
3369
7
11
247
14
853
10
246
9
277
13
214
11
490
10
258
11
258
11
254
15
258
11
258
12
261
9
854
12
253
11
282
14
208
7
258
4
247
7
239
16
256
12
283
10
250
10
254
11
258
14
257
15
264
7
257
13
158
7
272
11
246
14
293
11
1325
7
12
289
15
283
6
247
14
265
8
282
17
253
11
277
9
293
6
258
8
245
9
266
13
254
16
235
12
11
11
245
13
254
16
2
258
11
267
10
1312
12
8
235
10
258
12
450
15
282
12
289
14
256
14
249
12
266
16
266
13
189
13
237
16
278
11
245
16
222
14
247
7
693
5
250
6
245
11
245
13
253
6
1835
3
16
264
9
247
4
373
14
278
11
257
12
278
12
258
9
264
14
253
13
256
5
635
10
11
258
16
1445
8
4
258
7
245
14
253
11
245
5
701
14
378
9
170
7
257
14
208
11
3586
0
17
245
10
247
13
212
6
180
12
253
12
229
11
245
7
170
13
264
12
278
6
245
13
296
14
256
10
232
14
257
14
246
7
253
11
286
11
257
11
852
11
218
10
267
7
261
12
267
8
437
14
253
11
296
13
14
13
6
139
5
272
16
223
11
256
16
264
14
237
7
282
11
253
11
218
15
203
6
264
11
282
13
322
11
202
9
128
8
247
16
254
11
245
6
274
8
266
14
245
12
293
12
250
9
246
14
776
14
245
14
149
9
246
16
286
10
239
12
169
12
253
16
279
16
253
11
3497
4
6
250
5
641
12
205
6
247
17
258
6
247
13
253
12
176
16
277
15
246
9
272
11
253
8
253
9
266
12
256
5
265
5
253
11
264
12
274
12
269
13
96
14
266
16
258
4
253
11
237
16
635
10
1536
10
11
253
5
237
16
246
14
266
14
150
9
282
4
247
16
245
13
247
12
253
17
247
13
266
10
266
11
309
12
264
11
264
16
253
14
278
14
247
11
257
14
258
15
247
5
245
11
245
13
178
11
278
11
266
16
309
4
266
16
266
11
202
11
264
12
256
5
266
12
237
14
256
9
266
7
257
10
246
10
247
16
256
8
247
14
264
11
1445
11
8
246
13
278
11
250
8
634
10
278
11
237
5
491
15
256
14
272
11
253
6
293
3
266
5
293
12
247
12
91
16
9
261
14
264
12
246
17
258
12
260
6
264
14
256
9
264
8
254
13
293
13
247
11
726
8
246
11
155
5
258
5
150
8
250
13
256
4
247
13
682
14
257
12
257
11
256
7
258
11
3831
858
13
265
8
247
15
264
5
237
6
257
10
139
12
272
13
250
13
253
11
257
5
478
8
210
12
247
13
247
6
2384
2
10
266
14
662
13
245
12
106
6
258
15
254
15
253
8
253
14
247
13
466
5
266
16
257
16
258
11
258
11
298
11
258
10
872
11
254
9
239
12
237
9
278
14
247
10
685
14
701
10
693
13
264
9
239
12
258
12
1725
9
18
239
5
289
14
296
8
296
12
264
14
297
12
253
5
256
15
144
14
3837
178
6
237
13
2772
7
11
254
11
259
11
247
11
245
12
282
11
247
14
278
13
90
12
277
13
264
14
245
9
388
7
160
14
258
9
257
12
175
10
264
5
279
8
237
13
264
11
258
11
254
6
258
3
247
12
266
8
245
11
258
9
277
16
247
8
282
16
265
11
267
11
253
11
279
5
269
5
3831
4
13
246
10
261
9
266
16
277
12
196
11
266
10
303
16
272
7
239
12
237
15
202
9
245
12
660
6
253
5
12
245
16
149
13
3831
246
7
257
11
254
8
265
7
264
16
264
16
234
5
237
7
730
11
245
11
264
11
257
7
246
15
256
12
283
5
266
5
245
14
258
14
1409
15
13
245
11
274
4
250
13
245
9
247
5
245
12
237
8
253
14
258
16
245
9
247
12
801
11
247
8
253
16
265
12
277
10
254
11
247
14
264
13
13
701
15
111
12
182
12
258
15
266
4
277
13
246
12
266
15
254
12
289
15
406
11
245
16
246
16
10
12
19
264
13
261
11
1709
11
5
245
11
254
5
94
8
389
11
286
16
1622
8
11
258
13
257
14
257
16
245
11
253
13
264
12
247
11
258
16
214
8
693
11
683
13
258
11
256
7
266
16
1232
12
12
770
14
297
8
210
13
286
11
283
8
1391
10
6
800
10
269
12
258
10
266
14
12
14
12
770
10
843
13
13
245
6
239
15
757
14
258
13
264
5
233
12
141
5
305
16
246
9
282
3
293
14
189
14
288
12
256
8
264
11
301
14
239
16
258
9
237
16
258
7
126
8
250
12
290
16
254
13
256
13
245
8
3233
6
16
282
17
258
12
258
13
234
12
239
14
282
5
253
10
212
13
146
11
247
11
237
11
288
5
258
3
264
13
212
6
264
11
266
10
237
16
293
15
266
12
235
13
1686
8
11
296
11
245
11
1409
13
13
685
12
257
13
180
14
258
17
266
8
253
10
266
10
250
11
239
16
245
11
246
10
272
9
239
8
262
11
165
9
247
14
272
8
237
4
289
10
104
17
260
13
253
5
264
11
724
12
254
16
266
16
86
16
250
9
233
13
242
11
279
11
171
8
114
7
258
11
247
13
259
12
9
262
5
261
10
213
11
245
17
279
11
264
17
813
15
86
13
265
11
288
14
282
9
258
16
262
4
279
11
2262
11
16
247
9
258
12
282
10
266
11
247
11
246
5
208
9
258
10
237
10
512
7
258
11
266
11
222
11
293
10
288
13
239
13
9
1626
5
5
286
12
367
7
253
12
242
12
247
9
257
5
247
12
385
11
254
10
272
6
293
12
246
11
237
16
258
9
258
14
253
14
262
16
245
7
247
14
245
16
253
16
293
13
264
9
247
4
258
11
239
14
207
17
258
11
264
6
253
11
256
13
289
11
239
5
264
13
235
7
854
15
290
10
247
16
254
16
245
5
258
5
293
14
282
10
296
5
264
14
265
6
266
11
293
17
253
11
250
9
239
4
192
5
258
15
246
15
245
11
253
15
258
13
239
12
269
4
254
16
239
13
256
14
213
5
264
16
245
13
264
11
247
13
258
12
264
16
264
16
267
8
272
11
264
11
246
14
247
11
258
16
258
16
237
11
247
7
264
5
290
13
293
5
239
4
850
3
269
5
277
14
262
11
213
7
247
6
247
11
262
11
246
10
293
11
264
8
264
10
258
13
246
14
734
12
235
15
246
8
245
10
264
12
264
12
258
9
264
10
253
9
257
15
257
12
237
14
254
16
289
12
245
14
282
14
258
16
250
5
237
11
266
13
278
15
293
9
266
16
212
10
262
4
259
12
247
10
257
11
247
8
239
12
7
722
9
10
258
17
297
10
811
14
245
14
297
10
253
11
258
16
258
12
237
11
245
15
245
12
246
5
264
12
247
12
254
3
247
13
257
14
264
9
182
9
247
12
262
13
267
16
266
16
292
6
253
14
850
11
259
9
246
12
801
5
264
16
286
13
266
16
178
16
260
11
1153
13
264
9
282
11
253
7
292
11
245
15
278
11
256
11
247
12
770
7
191
16
282
6
282
11
257
14
253
9
14
16
259
12
257
11
239
12
786
12
710
13
245
13
470
9
282
14
247
16
296
14
687
9
279
13
277
15
258
11
255
11
247
4
253
11
264
17
246
12
256
15
237
13
704
8
222
11
10
282
7
245
10
262
11
247
14
304
12
258
6
247
4
246
16
253
12
293
16
258
17
245
11
258
9
297
13
246
16
254
8
4011
266
10
257
14
245
16
258
12
507
14
253
12
245
10
289
14
266
14
258
4
247
4
168
14
264
3
254
16
265
16
247
9
283
6
264
16
253
9
272
9
247
13
714
9
247
12
254
17
258
4
212
13
90
16
258
5
287
11
253
11
266
7
247
11
245
16
1352
13
7
256
5
292
14
253
12
250
9
101
11
250
12
247
12
258
12
264
11
258
16
256
12
258
15
266
13
247
10
800
4
253
7
278
11
293
15
289
12
247
14
253
16
109
11
146
8
258
11
253
13
150
5
265
12
269
9
259
12
246
11
254
11
246
14
278
10
269
7
261
14
239
15
258
11
256
7
258
12
253
13
264
11
255
4
245
8
282
18
278
11
146
11
247
16
351
14
264
6
293
13
292
13
245
8
258
17
288
11
96
11
289
7
253
12
283
11
250
12
293
12
351
10
308
11
245
15
264
10
237
13
247
5
296
7
237
14
247
17
266
4
245
13
257
12
271
9
258
12
189
16
282
11
245
10
91
4
205
9
264
13
253
11
1983
4
14
239
5
269
11
239
13
278
10
842
14
261
14
258
11
254
16
261
11
289
11
202
16
258
10
247
13
485
12
265
12
253
11
730
12
258
9
722
8
247
17
254
10
247
14
262
13
257
13
274
16
260
17
253
13
239
11
254
11
245
14
247
13
257
13
693
3
272
11
267
11
266
16
1195
13
250
8
256
4
282
16
264
8
265
5
253
16
676
10
222
11
250
16
256
12
815
10
264
16
237
8
246
13
280
16
261
12
218
13
245
10
247
15
258
17
1257
13
14
245
12
253
11
245
16
247
11
235
5
367
9
259
14
282
16
304
15
266
9
245
16
247
12
154
11
245
12
246
4
272
10
3070
6
16
266
11
227
11
245
13
175
9
1681
2
14
264
3
258
10
246
14
259
11
253
12
1065
11
253
13
175
13
245
16
253
16
254
16
254
8
301
5
258
12
245
5
618
11
247
13
278
12
246
16
253
8
258
14
875
10
267
10
261
14
239
11
257
10
4
17
10
247
13
247
5
253
12
245
14
289
8
726
6
296
11
293
13
3930
253
12
258
14
730
11
113
11
239
9
245
16
160
15
264
7
212
12
264
14
258
11
257
15
246
9
305
11
154
6
264
11
256
10
245
14
240
13
247
6
982
8
261
10
245
12
247
13
97
11
245
11
258
4
247
11
233
12
776
9
264
11
293
10
253
14
297
14
9
282
5
246
11
250
17
288
12
293
12
253
12
264
16
289
8
247
11
258
11
246
12
260
5
261
16
288
9
246
17
264
12
254
11
13
14
282
4
266
16
256
13
237
9
245
3
256
11
279
6
258
14
245
9
757
3
247
3
214
10
265
9
247
11
267
5
247
9
256
9
757
3
726
13
247
8
842
9
258
11
237
13
258
14
264
15
265
15
257
16
258
11
265
11
264
12
683
6
266
16
279
11
269
11
301
14
266
12
292
11
253
11
192
5
245
13
257
8
258
16
258
11
296
16
264
7
245
8
258
11
701
6
266
7
233
15
247
11
253
12
253
13
253
16
266
11
266
16
242
4
260
12
254
14
266
4
264
12
298
5
250
5
266
7
165
12
181
11
272
13
246
11
157
13
245
11
247
12
247
15
257
13
293
12
235
14
260
7
245
6
264
8
264
13
245
8
770
12
245
10
299
9
253
13
299
12
278
10
272
10
245
4
662
10
239
11
246
14
145
5
282
12
264
8
246
15
266
12
247
14
257
12
257
13
3567
9
10
90
11
222
10
203
15
173
14
254
11
274
16
257
11
250
14
437
5
264
6
262
11
218
16
9
99
15
127
9
258
12
2050
7
11
296
14
264
12
247
12
254
15
237
16
619
11
264
12
257
11
293
8
235
8
246
13
245
10
258
4
289
6
258
7
258
8
282
7
247
7
267
7
282
12
254
11
245
4
253
10
274
11
293
14
253
12
289
17
264
15
247
5
247
16
9
245
11
279
13
2891
10
16
254
12
253
10
296
12
257
17
250
16
2050
8
12
247
17
282
7
288
7
253
13
245
11
416
11
279
16
269
17
139
9
235
11
247
6
288
5
293
11
843
12
685
13
247
17
278
15
246
13
247
11
272
12
237
12
282
10
245
10
292
7
245
14
256
8
264
7
259
9
244
6
247
13
253
12
288
5
734
12
293
15
266
11
1972
10
9
253
11
257
14
266
11
237
13
264
12
272
11
279
12
296
10
809
10
259
13
106
12
247
11
246
12
213
12
239
13
357
4
237
12
258
5
278
14
246
17
259
13
245
13
239
11
264
10
258
11
247
13
283
14
266
6
258
14
253
10
132
17
272
9
274
11
266
11
210
16
202
6
264
11
267
12
253
15
258
6
197
16
260
13
293
13
245
14
842
3
247
6
258
10
258
4
286
13
239
12
160
16
148
11
264
11
266
10
279
6
809
14
237
16
229
16
478
14
247
10
289
16
265
11
258
12
276
12
218
13
239
16
239
15
258
12
245
16
213
12
222
16
245
12
254
16
247
15
264
6
264
13
245
17
266
12
265
8
264
12
265
12
279
12
1370
13
10
247
12
250
9
1237
9
16
714
12
264
11
272
12
701
3
245
11
279
11
246
11
304
16
266
12
265
11
292
12
237
12
262
14
249
5
247
8
262
4
1428
12
8
237
11
245
6
245
16
178
11
258
7
8
290
13
594
16
247
12
245
11
278
6
687
10
258
16
778
12
253
11
272
16
266
10
253
5
247
11
250
12
266
11
245
12
4054
756
12
239
14
267
11
245
6
258
14
264
14
277
11
317
7
189
12
286
13
266
14
261
11
247
16
253
12
3400
9
16
258
17
724
14
264
17
266
14
235
5
277
11
245
13
13
13
245
13
277
10
293
12
247
8
282
11
258
13
266
11
254
10
250
16
253
15
247
11
175
16
257
12
685
11
245
16
298
11
258
14
293
5
91
10
293
10
266
12
265
10
189
7
272
4
4
247
10
258
6
282
4
265
13
258
11
247
5
264
9
215
13
289
11
256
16
247
15
267
16
254
12
258
15
288
14
245
14
278
14
247
14
269
15
258
13
253
14
264
10
245
6
245
9
244
5
258
10
687
11
264
12
272
10
288
11
201
15
256
14
245
7
189
17
245
14
258
11
247
8
2378
4
6
237
6
173
16
843
16
372
12
2196
1
9
253
9
245
6
258
12
1374
4
14
264
10
247
16
282
14
258
11
286
9
237
11
264
7
289
6
247
16
277
16
258
11
278
14
308
11
250
17
237
11
129
8
250
11
245
15
171
14
247
5
279
5
104
14
266
11
212
9
258
16
237
16
254
16
253
12
254
13
264
11
3831
258
13
245
8
286
15
264
5
1313
9
258
12
237
10
266
8
168
13
445
4
258
11
253
11
161
9
186
11
258
16
258
12
286
8
821
4
257
11
202
11
701
10
726
11
254
16
155
16
289
16
247
11
254
10
250
16
858
10
296
11
258
10
247
10
245
12
246
11
297
16
277
11
247
16
253
11
289
9
264
16
258
11
266
9
246
14
12
258
8
165
11
257
14
253
13
266
12
253
10
257
15
277
12
246
12
237
11
247
14
245
5
257
4
189
12
265
11
245
11
286
10
264
12
800
10
277
9
286
11
266
12
2464
11
5
247
14
264
14
256
12
254
16
244
12
250
9
247
16
246
16
245
10
325
10
200
5
246
12
264
13
10
246
4
253
5
253
5
290
11
811
12
259
12
258
11
189
12
293
16
253
14
266
6
253
16
264
9
139
16
1097
10
12
158
13
264
4
272
7
264
14
304
12
258
4
264
11
255
15
278
11
269
16
299
12
274
13
247
9
247
4
247
8
256
9
257
14
293
5
256
12
247
8
264
10
254
4
260
12
246
12
3668
8
5
247
12
256
12
234
15
254
16
247
12
245
14
261
16
245
14
264
5
246
8
250
13
436
12
254
16
266
8
247
4
244
12
265
10
247
8
269
14
264
7
246
10
264
11
266
5
258
9
250
14
266
11
247
5
258
14
250
11
253
10
253
3
258
6
266
10
253
4
2293
10
12
246
5
250
10
245
11
2256
12
16
249
5
257
10
247
16
245
14
246
6
246
5
257
6
722
8
256
6
288
16
250
13
246
13
253
14
299
14
258
13
2134
9
5
254
8
246
4
258
12
247
16
258
15
266
16
250
8
266
16
858
11
304
12
258
13
250
13
264
15
261
13
247
12
747
14
1981
11
9
264
14
264
4
245
12
282
12
296
14
264
8
4005
4
11
265
11
245
5
247
6
701
9
247
12
237
5
239
12
245
16
247
11
258
16
257
13
247
12
282
14
253
16
267
11
3947
768
11
247
14
258
13
266
12
246
11
264
14
253
14
266
4
247
11
299
10
261
13
11
250
15
1759
8
16
269
11
6
264
17
261
16
293
16
246
7
282
11
247
16
143
16
720
11
245
10
253
8
254
11
258
11
123
14
234
16
97
8
95
11
265
5
257
17
261
12
265
16
247
13
247
10
215
16
304
11
1898
6
12
725
14
250
10
266
11
253
5
253
14
254
11
15
264
14
247
11
279
4
136
11
286
14
264
11
264
12
274
17
258
12
256
12
8
12
257
14
253
9
253
13
292
14
278
11
4021
250
12
245
6
264
14
246
14
237
12
222
11
253
8
256
16
272
11
171
16
8
8
227
13
258
12
168
16
288
12
267
10
212
13
258
12
189
11
701
10
200
6
253
10
246
12
4013
254
12
258
8
247
7
247
12
286
15
246
12
266
5
213
11
266
6
223
10
250
12
250
16
253
13
256
10
832
11
254
12
247
14
258
16
282
11
282
11
247
5
278
9
245
11
258
16
289
13
181
13
292
11
264
11
245
8
744
13
261
15
109
11
247
16
182
13
259
8
245
14
253
11
164
8
264
7
245
14
254
10
286
12
155
16
247
12
301
10
249
11
155
11
237
14
247
13
117
12
254
16
254
13
265
9
261
12
205
11
200
5
289
12
233
10
259
11
264
16
265
16
191
14
293
11
245
13
407
4
219
8
266
7
260
15
127
12
292
12
245
11
258
8
258
5
257
8
247
16
641
9
296
5
253
14
254
11
247
11
235
13
257
7
246
16
247
5
222
5
254
14
245
9
79
16
258
15
257
16
247
13
258
16
264
13
276
10
253
4
265
16
247
16
917
9
11
277
11
266
16
757
11
246
14
258
11
258
4
264
13
148
13
258
17
720
12
282
13
293
9
253
12
259
15
293
12
250
12
247
4
264
11
176
9
3930
239
9
237
10
247
8
258
12
245
12
264
12
239
17
258
11
272
16
149
11
249
6
843
10
267
8
266
9
201
16
246
14
255
12
258
8
1449
11
4
10
277
4
247
4
293
12
245
11
237
7
247
14
258
11
842
14
210
13
253
15
258
11
237
9
237
3
247
14
245
12
256
16
253
15
246
16
212
14
250
5
266
10
264
16
245
5
258
14
279
12
850
12
258
11
257
14
223
15
258
14
266
12
246
6
200
14
246
16
296
5
272
16
253
15
254
14
254
4
266
10
677
4
189
11
256
11
222
15
237
12
261
5
253
8
254
11
288
6
714
5
154
11
261
4
282
3
264
11
258
7
246
13
247
5
265
5
171
12
267
5
245
11
255
10
264
11
258
11
277
6
247
13
247
11
266
13
246
10
247
12
85
14
247
12
257
17
237
11
256
5
293
13
282
16
107
11
232
9
264
12
247
16
264
12
250
16
247
16
289
10
247
4
265
10
278
10
245
14
259
12
237
13
245
4
253
11
264
9
246
14
291
7
259
16
254
11
289
16
264
13
266
13
247
12
1706
6
14
250
11
250
10
237
12
257
11
194
8
117
13
93
256
10
257
12
235
15
264
12
1234
10
8
254
11
278
14
693
7
639
8
182
12
261
15
244
14
258
12
258
13
253
12
250
11
258
7
256
10
278
16
245
11
1664
10
12
404
14
272
12
282
6
258
13
266
11
288
14
293
5
253
16
288
5
289
11
246
11
254
11
246
11
161
16
9
11
258
13
246
11
297
16
258
12
258
15
247
6
1321
13
12
258
11
1034
5
15
282
17
245
16
247
16
265
11
245
5
331
4
283
11
237
11
235
16
274
4
254
4
282
13
247
11
264
12
245
11
282
11
253
11
289
5
278
9
250
10
250
13
701
8
264
12
258
8
261
14
247
17
229
9
265
10
255
11
244
14
283
14
282
12
272
15
245
16
258
5
8
215
5
250
11
256
12
258
14
264
15
264
11
253
12
13
14
33
254
11
293
10
379
14
258
11
254
11
246
11
245
10
272
14
235
11
1146
8
168
15
351
8
247
12
265
11
264
4
265
10
256
17
292
15
250
11
250
16
247
9
254
9
11
10
229
8
202
12
205
11
2749
4
8
170
12
255
5
260
10
262
15
297
10
229
14
264
11
247
7
258
5
169
11
297
11
246
8
247
14
256
6
286
4
2411
13
16
730
16
237
14
406
16
247
8
266
14
258
9
264
15
267
13
246
6
873
14
850
10
245
11
253
13
254
11
245
11
266
15
245
13
247
9
768
10
247
12
258
9
267
10
247
16
272
5
245
16
257
16
264
11
258
11
246
12
129
4
872
14
317
15
744
10
330
14
235
9
247
14
299
12
2650
6
12
305
10
289
15
264
5
266
6
272
12
253
16
254
14
239
10
264
14
245
16
266
15
246
12
237
13
258
14
253
8
757
15
282
9
235
12
246
14
2130
7
14
247
16
14
246
8
245
14
293
10
245
12
247
17
1751
11
17
265
11
660
9
245
11
264
16
266
12
247
11
258
14
693
10
288
12
245
13
93
12
245
13
2485
7
16
264
16
246
7
282
13
265
14
288
14
233
15
259
16
235
5
222
16
246
10
246
14
225
17
575
12
272
16
282
14
730
12
203
11
264
12
139
11
245
11
770
8
237
11
250
10
264
11
289
10
247
7
264
11
266
10
258
13
205
12
282
10
256
13
264
7
250
9
256
11
990
10
239
12
246
7
253
10
247
12
234
12
245
14
253
12
293
12
271
16
271
13
292
16
290
11
811
10
258
5
264
9
239
13
282
11
237
10
272
12
258
8
258
11
255
12
279
8
247
14
237
10
245
4
274
14
258
13
258
15
259
7
237
11
293
11
241
11
2197
7
17
186
15
245
13
245
17
209
8
247
9
264
12
125
8
247
14
235
11
293
16
269
16
264
17
1514
6
16
264
16
253
14
253
4
253
9
246
14
701
6
255
12
202
16
265
6
256
14
253
13
247
8
237
11
259
6
247
12
264
11
282
12
239
11
1618
13
14
253
17
293
13
258
12
282
12
271
16
258
9
266
12
247
16
264
9
254
14
254
11
247
8
239
5
264
17
237
14
264
12
278
11
247
13
255
6
237
14
245
17
255
16
164
11
278
10
245
11
289
16
265
13
258
16
259
14
258
11
257
10
234
14
842
2
187
13
2217
65535
16
258
8
296
4
245
16
246
13
202
9
246
13
269
12
258
12
139
11
293
12
272
15
245
15
245
13
247
11
258
12
245
12
203
13
258
11
246
10
237
11
278
6
114
16
258
12
258
12
253
16
293
4
237
5
256
12
267
10
272
12
183
13
282
14
283
11
272
4
264
11
245
11
256
11
170
12
258
7
258
10
297
12
278
6
246
12
266
6
282
14
253
12
695
13
246
15
292
16
803
7
253
16
250
16
87
734
4
259
15
282
6
322
4
259
16
272
12
261
16
246
8
264
9
341
9
235
9
266
16
253
8
282
8
256
13
253
17
258
11
247
8
297
16
265
10
266
4
247
11
304
16
101
10
289
6
245
13
264
7
245
15
253
8
282
14
247
4
237
11
258
9
293
16
247
11
288
11
278
4
246
12
277
12
239
16
247
15
258
11
246
13
274
14
13
20
264
11
150
8
247
4
253
10
4009
258
6
245
11
245
12
253
11
282
11
265
12
258
16
293
16
264
17
258
16
282
11
264
11
247
11
187
13
722
9
293
13
7
247
4
255
10
210
14
138
7
237
10
1573
9
12
229
16
247
10
246
5
240
16
258
11
245
7
781
8
266
7
245
14
138
13
282
16
247
12
245
11
258
16
265
12
266
12
279
12
247
16
852
15
258
12
282
11
117
11
245
10
253
6
274
10
247
15
256
11
237
16
247
4
256
12
247
9
290
17
229
13
247
17
2128
12
11
237
14
258
12
3831
65533
7
259
16
250
9
258
14
279
17
258
14
257
7
469
15
245
16
245
10
245
10
289
10
262
12
239
11
811
8
245
14
264
16
237
4
264
11
256
7
808
10
11
235
5
246
12
264
12
245
16
282
13
258
17
210
11
259
11
237
13
245
16
239
11
239
11
685
9
260
14
272
11
253
9
246
11
267
11
278
11
253
9
714
5
291
11
256
11
272
12
282
7
247
15
246
5
246
13
282
16
293
16
253
7
293
14
3947
264
13
293
9
254
11
247
12
264
16
293
16
245
8
250
8
255
13
279
14
171
12
730
15
12
266
4
272
16
245
14
253
14
282
7
296
4
269
5
259
15
239
11
266
8
256
6
247
9
283
12
202
12
293
11
266
12
2378
12
13
129
12
253
13
253
8
247
6
239
9
534
5
133
15
262
13
247
11
245
12
245
3
10
701
8
126
12
258
13
122
11
279
9
592
17
259
12
265
6
197
16
266
12
245
14
214
11
191
5
265
14
255
7
293
13
261
15
143
15
278
10
3501
8
14
266
9
245
15
4050
264
12
296
10
282
16
258
12
254
6
264
14
286
10
257
9
258
11
264
11
258
11
262
14
250
5
257
12
264
5
274
12
247
14
265
11
274
7
253
6
246
14
282
9
250
13
813
7
224
6
246
12
253
13
250
5
11
16
246
10
245
11
265
8
266
13
282
14
250
7
253
13
239
12
245
12
288
12
257
10
258
12
257
8
253
13
278
13
237
7
264
11
279
12
254
15
2543
5
9
254
12
258
15
215
9
247
12
264
12
272
11
266
14
730
13
282
14
278
14
291
10
283
15
239
11
246
10
278
10
262
15
256
11
254
13
254
11
282
3
246
8
264
9
257
5
246
12
266
14
245
14
278
14
247
10
247
6
253
13
9
42
257
14
240
14
168
8
296
14
667
12
267
5
253
11
322
1835
12
10
257
13
257
11
150
4
258
13
247
17
245
13
259
14
282
3
250
5
223
12
286
15
289
12
245
12
247
4
247
16
253
6
258
7
258
16
286
9
264
9
253
11
234
7
245
11
726
11
757
13
245
9
264
14
256
11
255
14
258
5
272
11
266
7
262
6
245
12
1277
10
14
246
10
254
14
259
15
272
14
254
11
164
10
257
12
278
16
274
16
726
4
246
4
239
4
288
11
291
13
247
12
266
12
293
8
258
13
258
10
250
14
278
11
249
13
239
9
3674
4
11
1541
11
16
260
12
266
13
245
11
8
274
9
246
10
237
9
253
12
256
14
272
12
264
9
247
10
210
16
264
14
272
14
198
11
256
10
247
11
245
16
1952
5
12
237
13
272
13
272
12
237
7
234
14
247
17
247
15
264
7
189
14
246
12
237
10
293
11
245
11
282
5
222
8
250
10
681
8
203
12
1110
11
11
86
154
14
245
12
233
13
246
11
289
17
198
11
9
239
16
258
13
258
11
293
10
289
12
289
16
260
14
264
16
246
13
256
11
253
5
129
11
247
4
118
12
239
15
245
16
282
12
264
12
254
9
205
4
282
12
200
11
708
16
272
5
687
15
253
9
237
13
246
8
258
11
154
17
491
4
247
12
264
13
250
12
247
12
292
16
254
11
289
6
253
14
144
16
278
11
261
12
264
7
272
11
1643
7
11
687
12
266
13
372
4
258
14
405
9
266
11
258
15
233
12
264
3
246
8
264
14
266
4
239
8
813
13
8
258
8
239
16
264
12
264
13
194
5
239
9
298
4
254
6
254
13
247
12
247
16
257
13
304
11
406
10
245
14
176
8
242
15
264
13
276
10
722
6
245
12
431
12
181
6
254
14
258
12
246
12
189
9
259
9
245
13
247
11
262
15
256
11
264
15
261
8
278
12
133
9
247
16
264
16
247
14
269
7
258
11
277
14
261
10
262
10
266
11
246
12
258
10
749
7
4
247
11
292
12
247
16
292
9
265
8
257
14
685
12
254
13
258
13
192
12
247
11
246
14
1118
8
14
258
16
253
12
269
9
246
5
264
4
261
11
247
17
10
695
13
247
11
404
13
237
8
257
14
246
10
259
5
282
12
158
11
218
5
9
16
247
12
233
9
111
7
282
11
279
11
245
11
245
8
234
8
245
7
256
12
247
7
258
13
267
11
237
12
289
16
245
12
266
8
253
16
264
16
264
11
139
11
237
14
141
6
258
16
245
16
253
10
237
10
245
16
143
12
9
16
11
266
15
266
11
256
12
241
5
154
7
834
14
269
12
250
15
289
11
234
12
259
14
247
11
296
4
89
205
10
202
11
253
16
258
13
712
4
239
6
246
10
258
12
258
13
282
12
235
5
258
4
246
12
262
13
189
14
192
10
246
11
246
16
245
11
257
8
266
12
289
14
189
11
181
13
258
9
256
10
247
12
282
11
258
13
245
6
726
11
790
14
262
12
2349
65535
15
1057
13
278
15
253
16
143
6
257
13
116
17
297
5
247
6
157
16
245
13
256
14
693
9
264
12
261
12
879
7
784
9
264
14
293
13
253
14
266
6
269
5
259
15
439
10
253
5
265
14
251
12
258
10
237
7
256
5
189
12
197
12
264
12
279
11
254
13
3930
6
14
293
11
225
16
246
11
247
14
10
1490
11
237
15
296
4
400
12
264
16
259
16
644
10
237
11
246
11
293
9
258
5
264
11
266
10
205
9
255
4
253
4
189
16
267
14
253
9
253
11
246
14
253
9
245
14
278
12
253
9
237
5
257
11
843
12
245
6
247
16
253
9
244
14
239
10
258
15
296
4
154
13
264
14
803
10
107
10
279
12
293
11
245
12
239
11
12
165
4
121
5
1445
5
13
255
5
293
12
247
11
256
14
245
13
253
11
245
14
245
5
266
11
253
5
282
14
253
11
253
12
257
9
169
12
245
16
253
11
235
16
257
4
247
13
258
10
257
8
239
12
258
16
917
10
266
13
247
11
293
9
247
10
239
11
258
8
255
12
279
10
253
10
265
13
247
9
264
11
259
13
9
289
5
247
12
258
14
400
5
262
11
265
11
272
13
693
10
264
9
247
16
726
10
237
10
730
5
253
10
186
5
264
14
245
14
250
12
246
10
245
13
279
17
266
12
239
9
247
17
272
12
267
12
257
10
266
16
292
13
264
14
254
11
254
16
250
14
175
9
288
14
245
11
730
16
246
16
247
10
266
10
170
5
253
14
247
10
258
7
264
11
269
16
267
14
264
6
256
12
244
11
247
8
168
15
250
9
239
16
258
7
292
14
278
7
253
12
274
12
258
11
266
11
245
6
258
13
256
9
274
9
258
9
247
5
259
16
296
11
734
10
249
17
1876
9
15
237
16
247
10
258
10
274
11
266
14
3807
235
16
282
12
247
5
286
12
288
13
260
12
264
11
202
14
245
13
304
13
266
6
247
6
247
10
272
14
1898
12
17
245
12
246
10
239
13
258
12
272
16
245
12
279
8
95
8
233
14
297
14
245
12
247
14
272
5
261
13
246
5
258
10
237
13
405
7
296
10
683
14
256
7
677
4
260
9
196
14
247
10
293
4
1015
13
350
4
253
12
246
13
245
11
266
12
264
8
247
11
266
4
12
16
282
13
768
7
246
11
256
9
247
14
266
5
776
11
245
11
267
13
245
10
218
11
258
9
250
8
260
14
254
12
266
16
245
13
262
11
250
12
239
12
265
9
267
13
102
14
720
13
245
14
264
8
137
7
297
11
282
7
258
13
258
11
258
13
309
8
265
16
1374
13
16
137
11
247
14
264
13
222
10
725
7
253
14
245
5
282
5
288
7
266
17
259
7
277
4
212
10
247
14
269
10
245
11
266
13
260
14
253
14
245
8
235
3
245
11
265
5
2314
6
17
264
16
239
12
278
14
266
12
258
12
86
11
282
14
247
7
264
11
247
10
272
16
258
15
1279
9
14
701
12
278
12
293
11
296
10
203
12
245
9
237
4
10
16
250
11
239
12
293
10
264
8
256
14
258
11
258
12
282
15
256
14
237
13
266
11
260
16
247
10
151
14
245
5
266
9
245
11
264
12
257
10
706
12
872
12
274
10
293
10
247
6
266
15
257
9
258
4
778
12
253
14
246
4
253
16
267
12
247
15
182
4
1709
6
3
256
15
266
16
247
12
180
6
165
11
272
11
256
10
258
11
258
7
269
10
247
12
298
11
247
15
293
5
644
11
229
12
246
11
233
5
245
12
264
10
227
12
288
10
245
11
264
10
246
11
257
17
254
13
246
16
264
16
282
16
258
9
245
8
421
12
706
10
106
12
528
5
266
9
850
14
264
11
250
11
157
11
266
5
245
10
266
17
259
12
237
11
265
10
181
11
118
14
237
15
239
3
264
15
246
9
256
5
266
7
247
12
282
16
245
16
265
16
191
12
257
14
247
16
264
13
685
12
239
10
246
12
340
14
266
12
9
247
11
264
10
239
14
623
3
197
14
257
11
293
12
246
13
247
4
264
14
474
7
254
16
254
13
296
12
264
17
256
14
257
11
247
6
256
14
158
16
3829
247
8
621
13
247
14
264
4
265
9
264
5
308
14
154
11
246
11
235
5
258
10
237
11
713
5
247
11
266
5
815
9
256
8
254
13
14
246
12
247
7
253
13
258
5
237
11
265
11
256
12
245
8
245
12
900
9
266
15
258
12
279
13
256
12
272
16
701
8
725
4
350
12
261
7
261
12
247
5
237
13
237
16
834
5
258
12
259
14
245
12
253
5
245
3
278
16
222
4
258
3
257
12
245
16
265
7
245
12
253
16
254
11
250
13
813
12
258
11
259
13
264
16
258
14
265
14
139
11
245
12
264
15
843
13
258
14
247
5
246
10
182
8
265
11
253
10
247
14
247
5
3930
247
13
254
10
245
4
247
14
235
10
239
11
264
16
253
10
246
5
10
293
15
141
15
278
14
267
13
286
15
258
14
250
9
165
11
266
12
250
13
266
11
431
11
258
16
237
11
237
13
289
10
198
14
215
6
253
9
260
16
237
13
150
11
266
5
239
12
747
13
293
10
282
12
253
10
253
13
367
13
258
11
247
8
262
15
247
5
289
8
251
16
726
11
258
15
254
8
246
12
264
13
3567
0
11
258
10
181
13
685
10
169
10
247
7
253
11
246
13
264
10
634
6
282
13
246
9
272
12
1453
5
237
11
256
9
253
13
258
14
258
16
272
10
245
8
258
11
245
15
249
12
250
11
278
16
264
4
245
14
1023
8
264
13
247
16
264
9
683
4
213
15
256
11
264
10
254
5
245
14
271
7
261
12
276
14
265
5
107
10
274
7
13
5
266
17
618
10
148
16
266
15
3029
7
11
261
12
181
10
254
12
246
14
247
14
274
10
279
12
187
17
296
6
288
7
289
10
404
10
258
15
264
11
258
16
256
11
271
17
277
9
264
5
253
12
279
10
192
5
298
12
290
12
282
7
297
16
266
12
282
14
282
11
247
12
237
15
258
10
289
11
246
15
264
9
250
4
245
6
8
21
31
258
16
237
16
247
3
254
17
250
11
565
10
245
6
262
5
264
12
282
12
207
12
191
12
237
11
247
8
282
15
253
8
10
264
4
250
12
266
12
695
10
189
10
289
8
247
3
283
12
296
5
246
11
258
12
266
16
253
14
258
11
264
11
256
12
258
15
258
16
247
12
258
5
258
12
296
13
786
9
245
14
237
5
205
11
258
4
253
11
214
13
256
10
282
14
2733
6
12
246
16
417
15
208
13
278
7
260
15
277
6
257
7
247
11
247
7
247
4
260
10
247
5
1706
8
14
261
16
278
16
247
10
253
5
257
16
245
13
257
14
245
11
258
16
265
16
1370
5
12
279
12
258
8
254
16
289
10
117
12
282
10
872
10
245
12
212
12
282
11
266
16
247
11
253
6
237
11
289
10
92
254
10
259
8
208
17
245
10
292
5
245
10
239
13
246
11
254
10
282
11
253
10
282
15
169
14
1834
8
12
258
13
180
12
272
13
264
10
266
5
661
13
247
10
269
12
726
10
272
4
258
6
271
10
293
6
941
13
245
12
701
14
254
14
246
4
293
8
223
16
289
12
247
9
250
6
258
12
256
15
245
13
258
12
245
8
258
12
264
11
182
12
218
14
247
12
282
11
293
11
256
8
247
9
262
11
256
12
744
11
254
5
132
12
292
11
289
12
264
14
282
12
265
13
246
9
282
4
242
5
253
4
258
15
259
11
265
9
256
4
133
9
246
14
722
10
258
9
259
8
421
16
685
11
246
5
272
10
265
16
256
13
253
14
246
9
266
7
1445
8
16
149
4
247
10
634
13
239
15
756
10
245
9
246
13
247
13
265
11
213
10
2229
7
11
264
10
2859
6
11
701
11
258
6
258
11
233
16
258
12
277
4
246
5
265
11
255
11
245
14
261
14
247
14
13
1325
12
247
5
288
16
247
9
245
11
229
5
293
5
253
14
264
6
293
12
282
8
209
5
245
12
264
16
256
3
258
9
259
5
258
8
258
6
253
8
279
6
264
11
218
11
158
13
265
4
272
6
277
16
265
8
257
14
245
11
247
7
245
8
262
16
265
14
813
7
264
13
117
15
253
11
254
9
3829
12
9
11
289
4
171
10
247
16
123
12
417
11
122
14
292
12
258
16
720
16
261
5
213
8
247
10
237
7
256
11
226
11
237
16
297
12
258
12
257
14
246
11
246
10
245
12
279
12
264
12
246
10
421
16
246
16
274
9
3432
65535
13
245
12
101
16
245
4
237
4
120
12
256
16
266
10
245
16
264
7
245
16
246
10
256
12
850
10
247
10
293
16
237
13
258
10
278
8
258
14
239
7
235
16
290
14
245
15
247
12
245
11
10
7
254
11
11
247
8
246
11
297
13
123
11
265
12
245
13
181
12
259
14
264
13
726
8
237
11
246
11
264
8
258
13
293
4
296
10
235
11
237
16
2138
10
11
253
12
239
12
11
244
13
257
16
245
5
253
10
289
16
2465
5
11
10
23
22
247
5
258
13
279
14
239
12
644
8
282
7
114
11
278
12
726
2
289
11
258
13
278
15
254
13
258
5
786
11
149
16
262
12
272
7
264
11
282
6
122
12
262
11
245
16
7
16
237
13
278
9
237
12
130
6
247
14
256
16
730
10
245
5
222
11
257
11
256
14
250
9
222
15
207
6
714
14
853
7
237
11
282
9
282
12
264
11
266
10
266
9
272
14
258
13
272
16
264
11
262
12
256
10
246
12
109
11
264
13
269
10
606
11
253
8
258
8
266
13
759
7
301
5
276
14
247
12
247
17
265
10
247
17
239
5
288
12
266
4
254
7
271
10
257
16
258
13
293
10
528
7
770
13
3947
265
8
246
12
256
16
267
11
258
10
247
14
286
9
253
13
244
14
245
17
254
11
288
16
264
16
254
13
262
12
256
12
239
8
730
9
253
11
247
14
776
11
304
12
256
4
255
11
256
6
289
14
1069
11
11
245
12
214
15
264
14
269
11
288
14
239
7
253
13
293
13
253
9
247
10
714
8
16
246
14
258
11
842
13
289
6
245
5
1864
5
11
257
12
272
13
258
12
297
9
237
14
264
11
266
14
239
13
278
11
421
3
266
13
266
16
237
14
253
12
278
11
297
15
466
12
258
10
3930
1
16
266
15
250
14
247
10
258
11
756
8
291
12
277
5
260
13
256
16
258
9
247
13
250
15
256
7
254
16
292
15
246
12
247
10
274
12
247
11
175
11
1630
10
10
247
14
257
10
279
13
247
11
258
11
279
10
290
12
2068
7
7
259
11
247
15
245
6
258
11
245
10
245
10
1104
10
256
5
264
7
266
12
181
10
292
13
286
13
171
14
279
11
203
17
722
11
264
6
129
11
12
266
11
293
7
293
14
257
5
266
11
245
4
246
7
293
10
266
11
255
14
296
10
706
12
246
12
254
16
274
10
258
14
237
16
239
16
254
5
253
4
256
12
264
11
293
3
734
9
239
13
507
233
7
246
14
250
14
202
9
237
5
